\datatype=fitshdr
| cntr|  ctype1|  ctype2|naxis1|naxis2|    crval1|    crval2|    crpix1|    crpix2|     cdelt1|     cdelt2|  crota2|equinox|                                  file|
|  int|    char|    char|   int|   int|    double|    double|    double|    double|     double|     double|  double|    int|                                  char|
     1 RA---TAN DEC--TAN    513   1025  83.818660  -5.389680    1589.00     796.00 -0.00027800  0.00027800  0.00000    2000 p2mass-atlas-001124n-j0900032.fits
     2 RA---TAN DEC--TAN    513   1025  83.818660  -5.389680    1158.00    -948.00 -0.00027800  0.00027800  0.00000    2000 p2mass-atlas-001124n-j0890220.fits
     3 RA---TAN DEC--TAN    513   1025  83.818660  -5.389680     726.00    -179.00 -0.00027800  0.00027800  0.00000    2000 p2mass-atlas-001124n-j0880044.fits
     4 RA---TAN DEC--TAN    514   1025  83.818660  -5.389680    2008.00     478.00 -0.00027800  0.00027800  0.00000    2000 p2mass-atlas-000206s-j0140245.fits
     5 RA---TAN DEC--TAN    514   1025  83.818660  -5.389680    2009.00    -491.00 -0.00027800  0.00027800  0.00000    2000 p2mass-atlas-000206s-j0140233.fits
     6 RA---TAN DEC--TAN    513   1025  83.818660  -5.389680    1589.00    -173.00 -0.00027800  0.00027800  0.00000    2000 p2mass-atlas-001124n-j0900044.fits
     7 RA---TAN DEC--TAN    513   1025  83.818660  -5.389680    1158.00      21.00 -0.00027800  0.00027800  0.00000    2000 p2mass-atlas-001124n-j0890232.fits
     8 RA---TAN DEC--TAN    513   1025  83.818660  -5.389680     299.00    -949.00 -0.00027800  0.00027800  0.00000    2000 p2mass-atlas-001124n-j0870220.fits
     9 RA---TAN DEC--TAN    513   1025  83.818660  -5.389680    1589.00   -2112.00 -0.00027800  0.00027800  0.00000    2000 p2mass-atlas-001124n-j0900068.fits
    10 RA---TAN DEC--TAN    514    870  83.818660  -5.389680    2010.00   -2429.00 -0.00027800  0.00027800  0.00000    2000 p2mass-atlas-000206s-j0140209.fits
    11 RA---TAN DEC--TAN    513   1026  83.818660  -5.389680    2009.00   -1460.00 -0.00027800  0.00027800  0.00000    2000 p2mass-atlas-000206s-j0140221.fits
    12 RA---TAN DEC--TAN    514   1026  83.818660  -5.389680    -558.00   -1917.00 -0.00027800  0.00027800  0.00000    2000 p2mass-atlas-001124n-j0850209.fits
    13 RA---TAN DEC--TAN    514   1026  83.818660  -5.389680    -990.00   -2115.00 -0.00027800  0.00027800  0.00000    2000 p2mass-atlas-001124n-j0840068.fits
    14 RA---TAN DEC--TAN    513   1025  83.818660  -5.389680     726.00   -1148.00 -0.00027800  0.00027800  0.00000    2000 p2mass-atlas-001124n-j0880056.fits
    15 RA---TAN DEC--TAN    514   1025  83.818660  -5.389680    -131.00   -2116.00 -0.00027800  0.00027800  0.00000    2000 p2mass-atlas-001124n-j0860068.fits
    16 RA---TAN DEC--TAN    513   1025  83.818660  -5.389680    1589.00   -1143.00 -0.00027800  0.00027800  0.00000    2000 p2mass-atlas-001124n-j0900056.fits
    17 RA---TAN DEC--TAN    513   1025  83.818660  -5.389680    1158.00   -1917.00 -0.00027800  0.00027800  0.00000    2000 p2mass-atlas-001124n-j0890209.fits
    18 RA---TAN DEC--TAN    513   1025  83.818660  -5.389680     299.00   -1918.00 -0.00027800  0.00027800  0.00000    2000 p2mass-atlas-001124n-j0870209.fits
    19 RA---TAN DEC--TAN    513   1025  83.818660  -5.389680     726.00   -2117.00 -0.00027800  0.00027800  0.00000    2000 p2mass-atlas-001124n-j0880068.fits
    20 RA---TAN DEC--TAN    513   1025  83.818660  -5.389680    -131.00   -1147.00 -0.00027800  0.00027800  0.00000    2000 p2mass-atlas-001124n-j0860056.fits
    21 RA---TAN DEC--TAN    515   1026  83.818660  -5.389680    3292.00    2219.00 -0.00027800  0.00027800  0.00000    2000 p2mass-atlas-981030s-j1050009.fits
    22 RA---TAN DEC--TAN    514    827  83.818660  -5.389680    3246.00    2454.00 -0.00027800  0.00027800  0.00000    2000 p2mass-atlas-980331s-j0090267.fits
    23 RA---TAN DEC--TAN    514   1025  83.818660  -5.389680    2439.00    1246.00 -0.00027800  0.00027800  0.00000    2000 p2mass-atlas-981030s-j1030021.fits
    24 RA---TAN DEC--TAN    515   1026  83.818660  -5.389680    2864.00    1447.00 -0.00027800  0.00027800  0.00000    2000 p2mass-atlas-981030s-j1040256.fits
    25 RA---TAN DEC--TAN    514   1025  83.818660  -5.389680    2440.00     277.00 -0.00027800  0.00027800  0.00000    2000 p2mass-atlas-981030s-j1030033.fits
    26 RA---TAN DEC--TAN    514   1026  83.818660  -5.389680    3293.00    1250.00 -0.00027800  0.00027800  0.00000    2000 p2mass-atlas-981030s-j1050021.fits
    27 RA---TAN DEC--TAN    514   1026  83.818660  -5.389680    2441.00    -692.00 -0.00027800  0.00027800  0.00000    2000 p2mass-atlas-981030s-j1030044.fits
    28 RA---TAN DEC--TAN    514   1026  83.818660  -5.389680    2865.00     478.00 -0.00027800  0.00027800  0.00000    2000 p2mass-atlas-981030s-j1040245.fits
    29 RA---TAN DEC--TAN    514    869  83.818660  -5.389680    2869.00   -2430.00 -0.00027800  0.00027800  0.00000    2000 p2mass-atlas-981030s-j1040209.fits
    30 RA---TAN DEC--TAN    514   1026  83.818660  -5.389680    2442.00   -1661.00 -0.00027800  0.00027800  0.00000    2000 p2mass-atlas-981030s-j1030056.fits
    31 RA---TAN DEC--TAN    515   1026  83.818660  -5.389680    2868.00   -1461.00 -0.00027800  0.00027800  0.00000    2000 p2mass-atlas-981030s-j1040221.fits
    32 RA---TAN DEC--TAN    514   1025  83.818660  -5.389680    2866.00    -492.00 -0.00027800  0.00027800  0.00000    2000 p2mass-atlas-981030s-j1040233.fits
    33 RA---TAN DEC--TAN    515    831  83.818660  -5.389680    2863.00    2222.00 -0.00027800  0.00027800  0.00000    2000 p2mass-atlas-981030s-j1040267.fits
    34 RA---TAN DEC--TAN    514    898  83.818660  -5.389680    2375.00    3299.00 -0.00027800  0.00027800  0.00000    2000 p2mass-atlas-980331s-j0070257.fits
    35 RA---TAN DEC--TAN    514    902  83.818660  -5.389680    3245.00    3299.00 -0.00027800  0.00027800  0.00000    2000 p2mass-atlas-980331s-j0090257.fits
    36 RA---TAN DEC--TAN    515   1026  83.818660  -5.389680    2812.00    2698.00 -0.00027800  0.00027800  0.00000    2000 p2mass-atlas-980331s-j0080009.fits
    37 RA---TAN DEC--TAN    514   1026  83.818660  -5.389680    2438.00    2216.00 -0.00027800  0.00027800  0.00000    2000 p2mass-atlas-981030s-j1030009.fits
    38 RA---TAN DEC--TAN    514    830  83.818660  -5.389680    2376.00    2457.00 -0.00027800  0.00027800  0.00000    2000 p2mass-atlas-980331s-j0070267.fits
    39 RA---TAN DEC--TAN    513   1025  83.818660  -5.389680     726.00     791.00 -0.00027800  0.00027800  0.00000    2000 p2mass-atlas-001124n-j0880032.fits
    40 RA---TAN DEC--TAN    513   1025  83.818660  -5.389680     299.00     990.00 -0.00027800  0.00027800  0.00000    2000 p2mass-atlas-001124n-j0870244.fits
    41 RA---TAN DEC--TAN    513   1025  83.818660  -5.389680     299.00      20.00 -0.00027800  0.00027800  0.00000    2000 p2mass-atlas-001124n-j0870232.fits
    42 RA---TAN DEC--TAN    513   1025  83.818660  -5.389680    -131.00    -178.00 -0.00027800  0.00027800  0.00000    2000 p2mass-atlas-001124n-j0860044.fits
    43 RA---TAN DEC--TAN    513   1025  83.818660  -5.389680    -131.00     792.00 -0.00027800  0.00027800  0.00000    2000 p2mass-atlas-001124n-j0860032.fits
    44 RA---TAN DEC--TAN    514   1026  83.818660  -5.389680    2007.00    1448.00 -0.00027800  0.00027800  0.00000    2000 p2mass-atlas-000206s-j0140257.fits
    45 RA---TAN DEC--TAN    513   1025  83.818660  -5.389680    1158.00     990.00 -0.00027800  0.00027800  0.00000    2000 p2mass-atlas-001124n-j0890244.fits
    46 RA---TAN DEC--TAN    514   1025  83.818660  -5.389680    -989.00   -1146.00 -0.00027800  0.00027800  0.00000    2000 p2mass-atlas-001124n-j0840056.fits
    47 RA---TAN DEC--TAN    514   1026  83.818660  -5.389680   -1855.00   -1455.00 -0.00027800  0.00027800  0.00000    2000 p2mass-atlas-981017s-j1140221.fits
    48 RA---TAN DEC--TAN    514   1026  83.818660  -5.389680   -2714.00   -1452.00 -0.00027800  0.00027800  0.00000    2000 p2mass-atlas-981017s-j1120221.fits
    49 RA---TAN DEC--TAN    514    874  83.818660  -5.389680   -1856.00   -2425.00 -0.00027800  0.00027800  0.00000    2000 p2mass-atlas-981017s-j1140209.fits
    50 RA---TAN DEC--TAN    514    878  83.818660  -5.389680   -2715.00   -2421.00 -0.00027800  0.00027800  0.00000    2000 p2mass-atlas-981017s-j1120209.fits
    51 RA---TAN DEC--TAN    513   1026  83.818660  -5.389680   -1426.00   -1655.00 -0.00027800  0.00027800  0.00000    2000 p2mass-atlas-981017s-j1150056.fits
    52 RA---TAN DEC--TAN    514   1026  83.818660  -5.389680   -2285.00   -1654.00 -0.00027800  0.00027800  0.00000    2000 p2mass-atlas-981017s-j1130056.fits
    53 RA---TAN DEC--TAN    514   1026  83.818660  -5.389680   -2282.00    1254.00 -0.00027800  0.00027800  0.00000    2000 p2mass-atlas-981017s-j1130021.fits
    54 RA---TAN DEC--TAN    514   1026  83.818660  -5.389680   -2283.00     285.00 -0.00027800  0.00027800  0.00000    2000 p2mass-atlas-981017s-j1130033.fits
    55 RA---TAN DEC--TAN    514   1026  83.818660  -5.389680   -2712.00     487.00 -0.00027800  0.00027800  0.00000    2000 p2mass-atlas-981017s-j1120245.fits
    56 RA---TAN DEC--TAN    514   1025  83.818660  -5.389680   -2713.00    -483.00 -0.00027800  0.00027800  0.00000    2000 p2mass-atlas-981017s-j1120233.fits
    57 RA---TAN DEC--TAN    515   1026  83.818660  -5.389680   -2710.00    1456.00 -0.00027800  0.00027800  0.00000    2000 p2mass-atlas-981017s-j1120256.fits
    58 RA---TAN DEC--TAN    514   1025  83.818660  -5.389680   -1853.00     483.00 -0.00027800  0.00027800  0.00000    2000 p2mass-atlas-981017s-j1140245.fits
    59 RA---TAN DEC--TAN    513   1026  83.818660  -5.389680   -1424.00    1253.00 -0.00027800  0.00027800  0.00000    2000 p2mass-atlas-981017s-j1150021.fits
    60 RA---TAN DEC--TAN    514   1025  83.818660  -5.389680   -1853.00    1452.00 -0.00027800  0.00027800  0.00000    2000 p2mass-atlas-981017s-j1140256.fits
    61 RA---TAN DEC--TAN    513   1025  83.818660  -5.389680    -989.00    -177.00 -0.00027800  0.00027800  0.00000    2000 p2mass-atlas-001124n-j0840044.fits
    62 RA---TAN DEC--TAN    514   1025  83.818660  -5.389680    -557.00      21.00 -0.00027800  0.00027800  0.00000    2000 p2mass-atlas-001124n-j0850232.fits
    63 RA---TAN DEC--TAN    514   1025  83.818660  -5.389680   -2284.00    -685.00 -0.00027800  0.00027800  0.00000    2000 p2mass-atlas-981017s-j1130044.fits
    64 RA---TAN DEC--TAN    513   1026  83.818660  -5.389680    -557.00     991.00 -0.00027800  0.00027800  0.00000    2000 p2mass-atlas-001124n-j0850244.fits
    65 RA---TAN DEC--TAN    513   1025  83.818660  -5.389680    -558.00    -948.00 -0.00027800  0.00027800  0.00000    2000 p2mass-atlas-001124n-j0850220.fits
    66 RA---TAN DEC--TAN    514   1025  83.818660  -5.389680   -1425.00    -686.00 -0.00027800  0.00027800  0.00000    2000 p2mass-atlas-981017s-j1150044.fits
    67 RA---TAN DEC--TAN    514   1025  83.818660  -5.389680   -1424.00     283.00 -0.00027800  0.00027800  0.00000    2000 p2mass-atlas-981017s-j1150033.fits
    68 RA---TAN DEC--TAN    514   1026  83.818660  -5.389680   -1854.00    -486.00 -0.00027800  0.00027800  0.00000    2000 p2mass-atlas-981017s-j1140233.fits
    69 RA---TAN DEC--TAN    514   1026  83.818660  -5.389680    -988.00     793.00 -0.00027800  0.00027800  0.00000    2000 p2mass-atlas-001124n-j0840032.fits
    70 RA---TAN DEC--TAN    513   1025  83.818660  -5.389680    1503.00    3189.00 -0.00027800  0.00027800  0.00000    2000 p2mass-atlas-001126n-j1040009.fits
    71 RA---TAN DEC--TAN    514   1025  83.818660  -5.389680    1940.00    2692.00 -0.00027800  0.00027800  0.00000    2000 p2mass-atlas-980322s-j0140009.fits
    72 RA---TAN DEC--TAN    513    835  83.818660  -5.389680    1158.00    2739.00 -0.00027800  0.00027800  0.00000    2000 p2mass-atlas-001124n-j0890266.fits
    73 RA---TAN DEC--TAN    513   1025  83.818660  -5.389680     726.00    1760.00 -0.00027800  0.00027800  0.00000    2000 p2mass-atlas-001124n-j0880021.fits
    74 RA---TAN DEC--TAN    513   1025  83.818660  -5.389680     299.00    1959.00 -0.00027800  0.00027800  0.00000    2000 p2mass-atlas-001124n-j0870256.fits
    75 RA---TAN DEC--TAN    514   1025  83.818660  -5.389680    -130.00    1761.00 -0.00027800  0.00027800  0.00000    2000 p2mass-atlas-001124n-j0860021.fits
    76 RA---TAN DEC--TAN    513    825  83.818660  -5.389680    2006.00    2217.00 -0.00027800  0.00027800  0.00000    2000 p2mass-atlas-000206s-j0140267.fits
    77 RA---TAN DEC--TAN    513   1025  83.818660  -5.389680     726.00    2729.00 -0.00027800  0.00027800  0.00000    2000 p2mass-atlas-001124n-j0880009.fits
    78 RA---TAN DEC--TAN    514   1026  83.818660  -5.389680    1589.00    2735.00 -0.00027800  0.00027800  0.00000    2000 p2mass-atlas-001124n-j0900009.fits
    79 RA---TAN DEC--TAN    513   1025  83.818660  -5.389680    1158.00    1960.00 -0.00027800  0.00027800  0.00000    2000 p2mass-atlas-001124n-j0890256.fits
    80 RA---TAN DEC--TAN    513    832  83.818660  -5.389680    1067.00    2989.00 -0.00027800  0.00027800  0.00000    2000 p2mass-atlas-001126n-j1030266.fits
    81 RA---TAN DEC--TAN    514   1025  83.818660  -5.389680    1589.00    1765.00 -0.00027800  0.00027800  0.00000    2000 p2mass-atlas-001124n-j0900021.fits
    82 RA---TAN DEC--TAN    514   1026  83.818660  -5.389680   -1541.00    2675.00 -0.00027800  0.00027800  0.00000    2000 p2mass-atlas-991019s-j0900009.fits
    83 RA---TAN DEC--TAN    513   1025  83.818660  -5.389680    -988.00    1762.00 -0.00027800  0.00027800  0.00000    2000 p2mass-atlas-001124n-j0840021.fits
    84 RA---TAN DEC--TAN    514    830  83.818660  -5.389680   -1852.00    2226.00 -0.00027800  0.00027800  0.00000    2000 p2mass-atlas-981017s-j1140267.fits
    85 RA---TAN DEC--TAN    514   1025  83.818660  -5.389680   -1423.00    2222.00 -0.00027800  0.00027800  0.00000    2000 p2mass-atlas-981017s-j1150009.fits
    86 RA---TAN DEC--TAN    514    830  83.818660  -5.389680   -1975.00    2477.00 -0.00027800  0.00027800  0.00000    2000 p2mass-atlas-991019s-j0890267.fits
    87 RA---TAN DEC--TAN    514   1025  83.818660  -5.389680   -1098.00    3189.00 -0.00027800  0.00027800  0.00000    2000 p2mass-atlas-001124n-j0910009.fits
    88 RA---TAN DEC--TAN    514   1025  83.818660  -5.389680   -2281.00    2223.00 -0.00027800  0.00027800  0.00000    2000 p2mass-atlas-981017s-j1130009.fits
    89 RA---TAN DEC--TAN    513   1025  83.818660  -5.389680    -557.00    1960.00 -0.00027800  0.00027800  0.00000    2000 p2mass-atlas-001124n-j0850256.fits
    90 RA---TAN DEC--TAN    513    832  83.818660  -5.389680    -676.00    2989.00 -0.00027800  0.00027800  0.00000    2000 p2mass-atlas-001126n-j0990266.fits
    91 RA---TAN DEC--TAN    514   1025  83.818660  -5.389680    -987.00    2731.00 -0.00027800  0.00027800  0.00000    2000 p2mass-atlas-001124n-j0840009.fits
    92 RA---TAN DEC--TAN    513   1025  83.818660  -5.389680     630.00    3186.00 -0.00027800  0.00027800  0.00000    2000 p2mass-atlas-001126n-j1020009.fits
    93 RA---TAN DEC--TAN    514    831  83.818660  -5.389680    -556.00    2735.00 -0.00027800  0.00027800  0.00000    2000 p2mass-atlas-001124n-j0850266.fits
    94 RA---TAN DEC--TAN    513    831  83.818660  -5.389680     195.00    2986.00 -0.00027800  0.00027800  0.00000    2000 p2mass-atlas-001126n-j1010266.fits
    95 RA---TAN DEC--TAN    514   1025  83.818660  -5.389680    -241.00    3188.00 -0.00027800  0.00027800  0.00000    2000 p2mass-atlas-001126n-j1000009.fits
    96 RA---TAN DEC--TAN    513    831  83.818660  -5.389680     299.00    2734.00 -0.00027800  0.00027800  0.00000    2000 p2mass-atlas-001124n-j0870266.fits
    97 RA---TAN DEC--TAN    513   1025  83.818660  -5.389680    -130.00    2730.00 -0.00027800  0.00027800  0.00000    2000 p2mass-atlas-001124n-j0860009.fits
    98 RA---TAN DEC--TAN    515    879  83.818660  -5.389680   -1974.00    3299.00 -0.00027800  0.00027800  0.00000    2000 p2mass-atlas-991019s-j0890257.fits
    99 RA---TAN DEC--TAN    514   1026  83.818660  -5.389680   -2406.00    2680.00 -0.00027800  0.00027800  0.00000    2000 p2mass-atlas-991010s-j0550009.fits
   100 RA---TAN DEC--TAN    515    829  83.818660  -5.389680   -2709.00    2229.00 -0.00027800  0.00027800  0.00000    2000 p2mass-atlas-981017s-j1120267.fits
