\datatype=fitshdr
| cntr|  ctype1|  ctype2|naxis1|naxis2|    crval1|    crval2|    crpix1|    crpix2|     cdelt1|     cdelt2|  crota2|equinox|                                  file|
|  int|    char|    char|   int|   int|    double|    double|    double|    double|     double|     double|  double|    int|                                  char|
     1 RA---TAN DEC--TAN    513   1025  83.818660  -5.389680    1588.50     795.50 -0.00027800  0.00027800  0.00000    2000 c2mass-atlas-001124n-j0900032.fits
     2 RA---TAN DEC--TAN    513   1025  83.818660  -5.389680    1157.50    -948.50 -0.00027800  0.00027800  0.00000    2000 c2mass-atlas-001124n-j0890220.fits
     3 RA---TAN DEC--TAN    513   1025  83.818660  -5.389680     726.50    -178.50 -0.00027800  0.00027800  0.00000    2000 c2mass-atlas-001124n-j0880044.fits
     4 RA---TAN DEC--TAN    513   1025  83.818660  -5.389680    2007.50     478.50 -0.00027800  0.00027800  0.00000    2000 c2mass-atlas-000206s-j0140245.fits
     5 RA---TAN DEC--TAN    514   1026  83.818660  -5.389680    2008.50    -490.50 -0.00027800  0.00027800  0.00000    2000 c2mass-atlas-000206s-j0140233.fits
     6 RA---TAN DEC--TAN    513   1025  83.818660  -5.389680    1588.50    -173.50 -0.00027800  0.00027800  0.00000    2000 c2mass-atlas-001124n-j0900044.fits
     7 RA---TAN DEC--TAN    513   1025  83.818660  -5.389680    1157.50      21.50 -0.00027800  0.00027800  0.00000    2000 c2mass-atlas-001124n-j0890232.fits
     8 RA---TAN DEC--TAN    513   1025  83.818660  -5.389680     298.50    -948.50 -0.00027800  0.00027800  0.00000    2000 c2mass-atlas-001124n-j0870220.fits
     9 RA---TAN DEC--TAN    513   1026  83.818660  -5.389680    1588.50   -2111.50 -0.00027800  0.00027800  0.00000    2000 c2mass-atlas-001124n-j0900068.fits
    10 RA---TAN DEC--TAN    513   1026  83.818660  -5.389680    1157.50   -2886.50 -0.00027800  0.00027800  0.00000    2000 c2mass-atlas-001124n-j0890197.fits
    11 RA---TAN DEC--TAN    513   1025  83.818660  -5.389680    1588.50   -3081.50 -0.00027800  0.00027800  0.00000    2000 c2mass-atlas-001124n-j0900079.fits
    12 RA---TAN DEC--TAN    514   1026  83.818660  -5.389680    2010.50   -2429.50 -0.00027800  0.00027800  0.00000    2000 c2mass-atlas-000206s-j0140209.fits
    13 RA---TAN DEC--TAN    514   1025  83.818660  -5.389680    2009.50   -1460.50 -0.00027800  0.00027800  0.00000    2000 c2mass-atlas-000206s-j0140221.fits
    14 RA---TAN DEC--TAN    513   1025  83.818660  -5.389680     298.50   -2887.50 -0.00027800  0.00027800  0.00000    2000 c2mass-atlas-001124n-j0870197.fits
    15 RA---TAN DEC--TAN    514   1026  83.818660  -5.389680    2011.50   -3398.50 -0.00027800  0.00027800  0.00000    2000 c2mass-atlas-000206s-j0140198.fits
    16 RA---TAN DEC--TAN    513   1025  83.818660  -5.389680     726.50   -3086.50 -0.00027800  0.00027800  0.00000    2000 c2mass-atlas-001124n-j0880079.fits
    17 RA---TAN DEC--TAN    513   1026  83.818660  -5.389680   -1426.50   -2624.50 -0.00027800  0.00027800  0.00000    2000 c2mass-atlas-981017s-j1150068.fits
    18 RA---TAN DEC--TAN    514   1026  83.818660  -5.389680   -1856.50   -3394.50 -0.00027800  0.00027800  0.00000    2000 c2mass-atlas-981017s-j1140198.fits
    19 RA---TAN DEC--TAN    514   1026  83.818660  -5.389680   -2716.50   -3390.50 -0.00027800  0.00027800  0.00000    2000 c2mass-atlas-981017s-j1120198.fits
    20 RA---TAN DEC--TAN    515   1026  83.818660  -5.389680   -2286.50   -3592.50 -0.00027800  0.00027800  0.00000    2000 c2mass-atlas-981017s-j1130080.fits
    21 RA---TAN DEC--TAN    514   1026  83.818660  -5.389680    -990.50   -3084.50 -0.00027800  0.00027800  0.00000    2000 c2mass-atlas-001124n-j0840079.fits
    22 RA---TAN DEC--TAN    514   1026  83.818660  -5.389680    -558.50   -2886.50 -0.00027800  0.00027800  0.00000    2000 c2mass-atlas-001124n-j0850197.fits
    23 RA---TAN DEC--TAN    513   1025  83.818660  -5.389680    -558.50   -1917.50 -0.00027800  0.00027800  0.00000    2000 c2mass-atlas-001124n-j0850209.fits
    24 RA---TAN DEC--TAN    514   1025  83.818660  -5.389680   -1426.50   -3594.50 -0.00027800  0.00027800  0.00000    2000 c2mass-atlas-981017s-j1150080.fits
    25 RA---TAN DEC--TAN    514   1025  83.818660  -5.389680    -989.50   -2115.50 -0.00027800  0.00027800  0.00000    2000 c2mass-atlas-001124n-j0840068.fits
    26 RA---TAN DEC--TAN    514   1025  83.818660  -5.389680    -131.50   -3085.50 -0.00027800  0.00027800  0.00000    2000 c2mass-atlas-001124n-j0860079.fits
    27 RA---TAN DEC--TAN    513   1026  83.818660  -5.389680     726.50   -1147.50 -0.00027800  0.00027800  0.00000    2000 c2mass-atlas-001124n-j0880056.fits
    28 RA---TAN DEC--TAN    513   1025  83.818660  -5.389680    -131.50   -2116.50 -0.00027800  0.00027800  0.00000    2000 c2mass-atlas-001124n-j0860068.fits
    29 RA---TAN DEC--TAN    513   1025  83.818660  -5.389680    1588.50   -1142.50 -0.00027800  0.00027800  0.00000    2000 c2mass-atlas-001124n-j0900056.fits
    30 RA---TAN DEC--TAN    513   1025  83.818660  -5.389680    1157.50   -1917.50 -0.00027800  0.00027800  0.00000    2000 c2mass-atlas-001124n-j0890209.fits
    31 RA---TAN DEC--TAN    513   1025  83.818660  -5.389680     298.50   -1918.50 -0.00027800  0.00027800  0.00000    2000 c2mass-atlas-001124n-j0870209.fits
    32 RA---TAN DEC--TAN    513   1025  83.818660  -5.389680     726.50   -2117.50 -0.00027800  0.00027800  0.00000    2000 c2mass-atlas-001124n-j0880068.fits
    33 RA---TAN DEC--TAN    513   1026  83.818660  -5.389680    -131.50   -1146.50 -0.00027800  0.00027800  0.00000    2000 c2mass-atlas-001124n-j0860056.fits
    34 RA---TAN DEC--TAN    513     72  83.818660  -5.389680     726.50   -5025.50 -0.00027800  0.00027800  0.00000    2000 c2mass-atlas-001124n-j0880103.fits
    35 RA---TAN DEC--TAN    514     77  83.818660  -5.389680    1589.50   -5020.50 -0.00027800  0.00027800  0.00000    2000 c2mass-atlas-001124n-j0900103.fits
    36 RA---TAN DEC--TAN    514    729  83.818660  -5.389680    2011.50   -4368.50 -0.00027800  0.00027800  0.00000    2000 c2mass-atlas-000206s-j0140186.fits
    37 RA---TAN DEC--TAN    513    272  83.818660  -5.389680    1157.50   -4825.50 -0.00027800  0.00027800  0.00000    2000 c2mass-atlas-001124n-j0890173.fits
    38 RA---TAN DEC--TAN    514    739  83.818660  -5.389680   -3575.50   -4358.50 -0.00027800  0.00027800  0.00000    2000 c2mass-atlas-981017s-j1100186.fits
    39 RA---TAN DEC--TAN    514    538  83.818660  -5.389680   -3145.50   -4559.50 -0.00027800  0.00027800  0.00000    2000 c2mass-atlas-981017s-j1110092.fits
    40 RA---TAN DEC--TAN    514    734  83.818660  -5.389680   -1857.50   -4363.50 -0.00027800  0.00027800  0.00000    2000 c2mass-atlas-981017s-j1140186.fits
    41 RA---TAN DEC--TAN    513    534  83.818660  -5.389680   -1427.50   -4563.50 -0.00027800  0.00027800  0.00000    2000 c2mass-atlas-981017s-j1150092.fits
    42 RA---TAN DEC--TAN    514    737  83.818660  -5.389680   -2717.50   -4360.50 -0.00027800  0.00027800  0.00000    2000 c2mass-atlas-981017s-j1120186.fits
    43 RA---TAN DEC--TAN    514    535  83.818660  -5.389680   -2287.50   -4562.50 -0.00027800  0.00027800  0.00000    2000 c2mass-atlas-981017s-j1130092.fits
    44 RA---TAN DEC--TAN    513   1025  83.818660  -5.389680    -991.50   -4054.50 -0.00027800  0.00027800  0.00000    2000 c2mass-atlas-001124n-j0840091.fits
    45 RA---TAN DEC--TAN    513    271  83.818660  -5.389680     298.50   -4826.50 -0.00027800  0.00027800  0.00000    2000 c2mass-atlas-001124n-j0870173.fits
    46 RA---TAN DEC--TAN    514   1026  83.818660  -5.389680    -131.50   -4054.50 -0.00027800  0.00027800  0.00000    2000 c2mass-atlas-001124n-j0860091.fits
    47 RA---TAN DEC--TAN    514   1026  83.818660  -5.389680    1589.50   -4050.50 -0.00027800  0.00027800  0.00000    2000 c2mass-atlas-001124n-j0900091.fits
    48 RA---TAN DEC--TAN    513   1025  83.818660  -5.389680    1157.50   -3856.50 -0.00027800  0.00027800  0.00000    2000 c2mass-atlas-001124n-j0890185.fits
    49 RA---TAN DEC--TAN    513   1025  83.818660  -5.389680     726.50   -4056.50 -0.00027800  0.00027800  0.00000    2000 c2mass-atlas-001124n-j0880091.fits
    50 RA---TAN DEC--TAN    513   1026  83.818660  -5.389680     298.50   -3856.50 -0.00027800  0.00027800  0.00000    2000 c2mass-atlas-001124n-j0870185.fits
    51 RA---TAN DEC--TAN    513     73  83.818660  -5.389680    -132.50   -5024.50 -0.00027800  0.00027800  0.00000    2000 c2mass-atlas-001124n-j0860103.fits
    52 RA---TAN DEC--TAN    513   1025  83.818660  -5.389680    -559.50   -3856.50 -0.00027800  0.00027800  0.00000    2000 c2mass-atlas-001124n-j0850185.fits
    53 RA---TAN DEC--TAN    513     74  83.818660  -5.389680    -991.50   -5023.50 -0.00027800  0.00027800  0.00000    2000 c2mass-atlas-001124n-j0840103.fits
    54 RA---TAN DEC--TAN    513    272  83.818660  -5.389680    -559.50   -4825.50 -0.00027800  0.00027800  0.00000    2000 c2mass-atlas-001124n-j0850173.fits
    55 RA---TAN DEC--TAN    515   1027  83.818660  -5.389680    3682.50    2697.50 -0.00027800  0.00027800  0.00000    2000 c2mass-atlas-980331s-j0100009.fits
    56 RA---TAN DEC--TAN    515   1027  83.818660  -5.389680    4115.50    3424.50 -0.00027800  0.00027800  0.00000    2000 c2mass-atlas-980331s-j0110257.fits
    57 RA---TAN DEC--TAN    515    827  83.818660  -5.389680    4117.50    2454.50 -0.00027800  0.00027800  0.00000    2000 c2mass-atlas-980331s-j0110267.fits
    58 RA---TAN DEC--TAN    514    829  83.818660  -5.389680    3717.50    2222.50 -0.00027800  0.00027800  0.00000    2000 c2mass-atlas-981030s-j1060267.fits
    59 RA---TAN DEC--TAN    514    829  83.818660  -5.389680    4574.50    2224.50 -0.00027800  0.00027800  0.00000    2000 c2mass-atlas-981030s-j1140267.fits
    60 RA---TAN DEC--TAN    515   1027  83.818660  -5.389680    4553.50    2697.50 -0.00027800  0.00027800  0.00000    2000 c2mass-atlas-980331s-j0120009.fits
    61 RA---TAN DEC--TAN    514   1026  83.818660  -5.389680    3291.50    2219.50 -0.00027800  0.00027800  0.00000    2000 c2mass-atlas-981030s-j1050009.fits
    62 RA---TAN DEC--TAN    516   1027  83.818660  -5.389680    4551.50    3667.50 -0.00027800  0.00027800  0.00000    2000 c2mass-atlas-980331s-j0120021.fits
    63 RA---TAN DEC--TAN    514    827  83.818660  -5.389680    3246.50    2453.50 -0.00027800  0.00027800  0.00000    2000 c2mass-atlas-980331s-j0090267.fits
    64 RA---TAN DEC--TAN    515   1026  83.818660  -5.389680    4146.50    2225.50 -0.00027800  0.00027800  0.00000    2000 c2mass-atlas-981030s-j1130009.fits
    65 RA---TAN DEC--TAN    516   1027  83.818660  -5.389680    4981.50    4394.50 -0.00027800  0.00027800  0.00000    2000 c2mass-atlas-980331s-j0130245.fits
    66 RA---TAN DEC--TAN    197   1026  83.818660  -5.389680    5097.50    4636.50 -0.00027800  0.00027800  0.00000    2000 c2mass-atlas-980331s-j0140033.fits
    67 RA---TAN DEC--TAN    192   1026  83.818660  -5.389680    5097.50    2696.50 -0.00027800  0.00027800  0.00000    2000 c2mass-atlas-980331s-j0140009.fits
    68 RA---TAN DEC--TAN    515    829  83.818660  -5.389680    4985.50    2455.50 -0.00027800  0.00027800  0.00000    2000 c2mass-atlas-980331s-j0130267.fits
    69 RA---TAN DEC--TAN    516   1027  83.818660  -5.389680    5004.50    2222.50 -0.00027800  0.00027800  0.00000    2000 c2mass-atlas-981030s-j1150009.fits
    70 RA---TAN DEC--TAN    184    828  83.818660  -5.389680    5097.50    2222.50 -0.00027800  0.00027800  0.00000    2000 c2mass-atlas-981030s-j1160267.fits
    71 RA---TAN DEC--TAN    194   1026  83.818660  -5.389680    5097.50    3666.50 -0.00027800  0.00027800  0.00000    2000 c2mass-atlas-980331s-j0140021.fits
    72 RA---TAN DEC--TAN    515   1027  83.818660  -5.389680    4983.50    3425.50 -0.00027800  0.00027800  0.00000    2000 c2mass-atlas-980331s-j0130257.fits
    73 RA---TAN DEC--TAN    514   1026  83.818660  -5.389680    2438.50    1246.50 -0.00027800  0.00027800  0.00000    2000 c2mass-atlas-981030s-j1030021.fits
    74 RA---TAN DEC--TAN    515   1026  83.818660  -5.389680    3719.50    1449.50 -0.00027800  0.00027800  0.00000    2000 c2mass-atlas-981030s-j1060256.fits
    75 RA---TAN DEC--TAN    514   1026  83.818660  -5.389680    2863.50    1447.50 -0.00027800  0.00027800  0.00000    2000 c2mass-atlas-981030s-j1040256.fits
    76 RA---TAN DEC--TAN    516   1027  83.818660  -5.389680    4577.50    1452.50 -0.00027800  0.00027800  0.00000    2000 c2mass-atlas-981030s-j1140256.fits
    77 RA---TAN DEC--TAN    514   1026  83.818660  -5.389680    2439.50     277.50 -0.00027800  0.00027800  0.00000    2000 c2mass-atlas-981030s-j1030033.fits
    78 RA---TAN DEC--TAN    515   1026  83.818660  -5.389680    3293.50    1249.50 -0.00027800  0.00027800  0.00000    2000 c2mass-atlas-981030s-j1050021.fits
    79 RA---TAN DEC--TAN    514   1025  83.818660  -5.389680    2440.50    -692.50 -0.00027800  0.00027800  0.00000    2000 c2mass-atlas-981030s-j1030044.fits
    80 RA---TAN DEC--TAN    515   1026  83.818660  -5.389680    2865.50     477.50 -0.00027800  0.00027800  0.00000    2000 c2mass-atlas-981030s-j1040245.fits
    81 RA---TAN DEC--TAN    515   1027  83.818660  -5.389680    4148.50    1256.50 -0.00027800  0.00027800  0.00000    2000 c2mass-atlas-981030s-j1130021.fits
    82 RA---TAN DEC--TAN    515   1026  83.818660  -5.389680    3294.50     280.50 -0.00027800  0.00027800  0.00000    2000 c2mass-atlas-981030s-j1050033.fits
    83 RA---TAN DEC--TAN    516   1026  83.818660  -5.389680    5006.50    1252.50 -0.00027800  0.00027800  0.00000    2000 c2mass-atlas-981030s-j1150021.fits
    84 RA---TAN DEC--TAN    182   1026  83.818660  -5.389680    5097.50    1450.50 -0.00027800  0.00027800  0.00000    2000 c2mass-atlas-981030s-j1160256.fits
    85 RA---TAN DEC--TAN    516   1026  83.818660  -5.389680    5010.50    -686.50 -0.00027800  0.00027800  0.00000    2000 c2mass-atlas-981030s-j1150044.fits
    86 RA---TAN DEC--TAN    516   1027  83.818660  -5.389680    5008.50     283.50 -0.00027800  0.00027800  0.00000    2000 c2mass-atlas-981030s-j1150033.fits
    87 RA---TAN DEC--TAN    180   1025  83.818660  -5.389680    5097.50     480.50 -0.00027800  0.00027800  0.00000    2000 c2mass-atlas-981030s-j1160245.fits
    88 RA---TAN DEC--TAN    515   1026  83.818660  -5.389680    2869.50   -2430.50 -0.00027800  0.00027800  0.00000    2000 c2mass-atlas-981030s-j1040209.fits
    89 RA---TAN DEC--TAN    515   1026  83.818660  -5.389680    3724.50   -1458.50 -0.00027800  0.00027800  0.00000    2000 c2mass-atlas-981030s-j1060221.fits
    90 RA---TAN DEC--TAN    514   1026  83.818660  -5.389680    2441.50   -1661.50 -0.00027800  0.00027800  0.00000    2000 c2mass-atlas-981030s-j1030056.fits
    91 RA---TAN DEC--TAN    514   1026  83.818660  -5.389680    2442.50   -2630.50 -0.00027800  0.00027800  0.00000    2000 c2mass-atlas-981030s-j1030068.fits
    92 RA---TAN DEC--TAN    515   1026  83.818660  -5.389680    3297.50   -1658.50 -0.00027800  0.00027800  0.00000    2000 c2mass-atlas-981030s-j1050056.fits
    93 RA---TAN DEC--TAN    514   1026  83.818660  -5.389680    2867.50   -1460.50 -0.00027800  0.00027800  0.00000    2000 c2mass-atlas-981030s-j1040221.fits
    94 RA---TAN DEC--TAN    515   1026  83.818660  -5.389680    2866.50    -491.50 -0.00027800  0.00027800  0.00000    2000 c2mass-atlas-981030s-j1040233.fits
    95 RA---TAN DEC--TAN    514   1026  83.818660  -5.389680    3722.50    -488.50 -0.00027800  0.00027800  0.00000    2000 c2mass-atlas-981030s-j1060233.fits
    96 RA---TAN DEC--TAN    516   1026  83.818660  -5.389680    4581.50    -486.50 -0.00027800  0.00027800  0.00000    2000 c2mass-atlas-981030s-j1140233.fits
    97 RA---TAN DEC--TAN    516   1026  83.818660  -5.389680    4579.50     482.50 -0.00027800  0.00027800  0.00000    2000 c2mass-atlas-981030s-j1140245.fits
    98 RA---TAN DEC--TAN    514   1026  83.818660  -5.389680    3295.50    -688.50 -0.00027800  0.00027800  0.00000    2000 c2mass-atlas-981030s-j1050044.fits
    99 RA---TAN DEC--TAN    515   1026  83.818660  -5.389680    4152.50    -682.50 -0.00027800  0.00027800  0.00000    2000 c2mass-atlas-981030s-j1130044.fits
   100 RA---TAN DEC--TAN    515   1026  83.818660  -5.389680    4150.50     286.50 -0.00027800  0.00027800  0.00000    2000 c2mass-atlas-981030s-j1130033.fits
   101 RA---TAN DEC--TAN    515   1026  83.818660  -5.389680    3721.50     480.50 -0.00027800  0.00027800  0.00000    2000 c2mass-atlas-981030s-j1060245.fits
   102 RA---TAN DEC--TAN    514    728  83.818660  -5.389680    2871.50   -4369.50 -0.00027800  0.00027800  0.00000    2000 c2mass-atlas-981030s-j1040186.fits
   103 RA---TAN DEC--TAN    515    730  83.818660  -5.389680    3729.50   -4367.50 -0.00027800  0.00027800  0.00000    2000 c2mass-atlas-981030s-j1060186.fits
   104 RA---TAN DEC--TAN    514    527  83.818660  -5.389680    2444.50   -4570.50 -0.00027800  0.00027800  0.00000    2000 c2mass-atlas-981030s-j1030092.fits
   105 RA---TAN DEC--TAN    514    530  83.818660  -5.389680    3300.50   -4567.50 -0.00027800  0.00027800  0.00000    2000 c2mass-atlas-981030s-j1050092.fits
   106 RA---TAN DEC--TAN    168    730  83.818660  -5.389680    5097.50   -4367.50 -0.00027800  0.00027800  0.00000    2000 c2mass-atlas-981030s-j1160186.fits
   107 RA---TAN DEC--TAN    514    533  83.818660  -5.389680    5017.50   -4564.50 -0.00027800  0.00027800  0.00000    2000 c2mass-atlas-981030s-j1150092.fits
   108 RA---TAN DEC--TAN    515    732  83.818660  -5.389680    4588.50   -4365.50 -0.00027800  0.00027800  0.00000    2000 c2mass-atlas-981030s-j1140186.fits
   109 RA---TAN DEC--TAN    514    536  83.818660  -5.389680    4158.50   -4561.50 -0.00027800  0.00027800  0.00000    2000 c2mass-atlas-981030s-j1130092.fits
   110 RA---TAN DEC--TAN    515   1026  83.818660  -5.389680    5016.50   -3595.50 -0.00027800  0.00027800  0.00000    2000 c2mass-atlas-981030s-j1150080.fits
   111 RA---TAN DEC--TAN    170   1026  83.818660  -5.389680    5097.50   -3397.50 -0.00027800  0.00027800  0.00000    2000 c2mass-atlas-981030s-j1160198.fits
   112 RA---TAN DEC--TAN    516   1026  83.818660  -5.389680    4156.50   -2621.50 -0.00027800  0.00027800  0.00000    2000 c2mass-atlas-981030s-j1130068.fits
   113 RA---TAN DEC--TAN    514   1026  83.818660  -5.389680    3298.50   -2627.50 -0.00027800  0.00027800  0.00000    2000 c2mass-atlas-981030s-j1050068.fits
   114 RA---TAN DEC--TAN    515   1026  83.818660  -5.389680    4157.50   -3591.50 -0.00027800  0.00027800  0.00000    2000 c2mass-atlas-981030s-j1130080.fits
   115 RA---TAN DEC--TAN    515   1026  83.818660  -5.389680    3726.50   -2427.50 -0.00027800  0.00027800  0.00000    2000 c2mass-atlas-981030s-j1060209.fits
   116 RA---TAN DEC--TAN    514   1026  83.818660  -5.389680    2443.50   -3600.50 -0.00027800  0.00027800  0.00000    2000 c2mass-atlas-981030s-j1030080.fits
   117 RA---TAN DEC--TAN    515   1026  83.818660  -5.389680    3727.50   -3397.50 -0.00027800  0.00027800  0.00000    2000 c2mass-atlas-981030s-j1060198.fits
   118 RA---TAN DEC--TAN    515   1026  83.818660  -5.389680    3300.50   -3597.50 -0.00027800  0.00027800  0.00000    2000 c2mass-atlas-981030s-j1050080.fits
   119 RA---TAN DEC--TAN    516   1026  83.818660  -5.389680    4583.50   -1456.50 -0.00027800  0.00027800  0.00000    2000 c2mass-atlas-981030s-j1140221.fits
   120 RA---TAN DEC--TAN    515   1026  83.818660  -5.389680    4154.50   -1652.50 -0.00027800  0.00027800  0.00000    2000 c2mass-atlas-981030s-j1130056.fits
   121 RA---TAN DEC--TAN    515   1026  83.818660  -5.389680    2870.50   -3399.50 -0.00027800  0.00027800  0.00000    2000 c2mass-atlas-981030s-j1040198.fits
   122 RA---TAN DEC--TAN    516   1026  83.818660  -5.389680    4587.50   -3395.50 -0.00027800  0.00027800  0.00000    2000 c2mass-atlas-981030s-j1140198.fits
   123 RA---TAN DEC--TAN    516   1027  83.818660  -5.389680    4585.50   -2425.50 -0.00027800  0.00027800  0.00000    2000 c2mass-atlas-981030s-j1140209.fits
   124 RA---TAN DEC--TAN    177   1026  83.818660  -5.389680    5097.50    -488.50 -0.00027800  0.00027800  0.00000    2000 c2mass-atlas-981030s-j1160233.fits
   125 RA---TAN DEC--TAN    515   1026  83.818660  -5.389680    5014.50   -2625.50 -0.00027800  0.00027800  0.00000    2000 c2mass-atlas-981030s-j1150068.fits
   126 RA---TAN DEC--TAN    515   1027  83.818660  -5.389680    5012.50   -1655.50 -0.00027800  0.00027800  0.00000    2000 c2mass-atlas-981030s-j1150056.fits
   127 RA---TAN DEC--TAN    175   1026  83.818660  -5.389680    5097.50   -1458.50 -0.00027800  0.00027800  0.00000    2000 c2mass-atlas-981030s-j1160221.fits
   128 RA---TAN DEC--TAN    172   1026  83.818660  -5.389680    5097.50   -2427.50 -0.00027800  0.00027800  0.00000    2000 c2mass-atlas-981030s-j1160209.fits
   129 RA---TAN DEC--TAN    515   1026  83.818660  -5.389680    3680.50    3666.50 -0.00027800  0.00027800  0.00000    2000 c2mass-atlas-980331s-j0100021.fits
   130 RA---TAN DEC--TAN    514    831  83.818660  -5.389680    2862.50    2221.50 -0.00027800  0.00027800  0.00000    2000 c2mass-atlas-981030s-j1040267.fits
   131 RA---TAN DEC--TAN    515   1026  83.818660  -5.389680    2375.50    3426.50 -0.00027800  0.00027800  0.00000    2000 c2mass-atlas-980331s-j0070257.fits
   132 RA---TAN DEC--TAN    515   1027  83.818660  -5.389680    3245.50    3423.50 -0.00027800  0.00027800  0.00000    2000 c2mass-atlas-980331s-j0090257.fits
   133 RA---TAN DEC--TAN    514   1026  83.818660  -5.389680    2811.50    2697.50 -0.00027800  0.00027800  0.00000    2000 c2mass-atlas-980331s-j0080009.fits
   134 RA---TAN DEC--TAN    514   1026  83.818660  -5.389680    2810.50    3667.50 -0.00027800  0.00027800  0.00000    2000 c2mass-atlas-980331s-j0080021.fits
   135 RA---TAN DEC--TAN    514   1025  83.818660  -5.389680    2437.50    2215.50 -0.00027800  0.00027800  0.00000    2000 c2mass-atlas-981030s-j1030009.fits
   136 RA---TAN DEC--TAN    515    830  83.818660  -5.389680    2376.50    2457.50 -0.00027800  0.00027800  0.00000    2000 c2mass-atlas-980331s-j0070267.fits
   137 RA---TAN DEC--TAN    514    517  83.818660  -5.389680    2808.50    5097.50 -0.00027800  0.00027800  0.00000    2000 c2mass-atlas-980331s-j0080044.fits
   138 RA---TAN DEC--TAN    514    522  83.818660  -5.389680    1937.50    5097.50 -0.00027800  0.00027800  0.00000    2000 c2mass-atlas-980322s-j0140044.fits
   139 RA---TAN DEC--TAN    514    758  83.818660  -5.389680    2372.50    5097.50 -0.00027800  0.00027800  0.00000    2000 c2mass-atlas-980331s-j0070233.fits
   140 RA---TAN DEC--TAN    514    761  83.818660  -5.389680    3242.50    5097.50 -0.00027800  0.00027800  0.00000    2000 c2mass-atlas-980331s-j0090233.fits
   141 RA---TAN DEC--TAN    515    518  83.818660  -5.389680    4547.50    5097.50 -0.00027800  0.00027800  0.00000    2000 c2mass-atlas-980331s-j0120044.fits
   142 RA---TAN DEC--TAN    198    517  83.818660  -5.389680    5097.50    5097.50 -0.00027800  0.00027800  0.00000    2000 c2mass-atlas-980331s-j0140044.fits
   143 RA---TAN DEC--TAN    515    760  83.818660  -5.389680    4979.50    5097.50 -0.00027800  0.00027800  0.00000    2000 c2mass-atlas-980331s-j0130233.fits
   144 RA---TAN DEC--TAN    516   1027  83.818660  -5.389680    4549.50    4636.50 -0.00027800  0.00027800  0.00000    2000 c2mass-atlas-980331s-j0120033.fits
   145 RA---TAN DEC--TAN    515    761  83.818660  -5.389680    4112.50    5097.50 -0.00027800  0.00027800  0.00000    2000 c2mass-atlas-980331s-j0110233.fits
   146 RA---TAN DEC--TAN    515   1027  83.818660  -5.389680    3679.50    4636.50 -0.00027800  0.00027800  0.00000    2000 c2mass-atlas-980331s-j0100033.fits
   147 RA---TAN DEC--TAN    514   1026  83.818660  -5.389680    3243.50    4392.50 -0.00027800  0.00027800  0.00000    2000 c2mass-atlas-980331s-j0090245.fits
   148 RA---TAN DEC--TAN    515   1026  83.818660  -5.389680    4113.50    4393.50 -0.00027800  0.00027800  0.00000    2000 c2mass-atlas-980331s-j0110245.fits
   149 RA---TAN DEC--TAN    515   1026  83.818660  -5.389680    2374.50    4396.50 -0.00027800  0.00027800  0.00000    2000 c2mass-atlas-980331s-j0070245.fits
   150 RA---TAN DEC--TAN    515   1026  83.818660  -5.389680    2809.50    4636.50 -0.00027800  0.00027800  0.00000    2000 c2mass-atlas-980331s-j0080033.fits
   151 RA---TAN DEC--TAN    514    518  83.818660  -5.389680    3677.50    5097.50 -0.00027800  0.00027800  0.00000    2000 c2mass-atlas-980331s-j0100044.fits
   152 RA---TAN DEC--TAN    513   1025  83.818660  -5.389680     726.50     790.50 -0.00027800  0.00027800  0.00000    2000 c2mass-atlas-001124n-j0880032.fits
   153 RA---TAN DEC--TAN    513   1025  83.818660  -5.389680     298.50     989.50 -0.00027800  0.00027800  0.00000    2000 c2mass-atlas-001124n-j0870244.fits
   154 RA---TAN DEC--TAN    513   1025  83.818660  -5.389680     298.50      20.50 -0.00027800  0.00027800  0.00000    2000 c2mass-atlas-001124n-j0870232.fits
   155 RA---TAN DEC--TAN    514   1025  83.818660  -5.389680    -130.50    -177.50 -0.00027800  0.00027800  0.00000    2000 c2mass-atlas-001124n-j0860044.fits
   156 RA---TAN DEC--TAN    513   1025  83.818660  -5.389680    -130.50     791.50 -0.00027800  0.00027800  0.00000    2000 c2mass-atlas-001124n-j0860032.fits
   157 RA---TAN DEC--TAN    514   1025  83.818660  -5.389680    2007.50    1447.50 -0.00027800  0.00027800  0.00000    2000 c2mass-atlas-000206s-j0140257.fits
   158 RA---TAN DEC--TAN    513   1025  83.818660  -5.389680    1157.50     990.50 -0.00027800  0.00027800  0.00000    2000 c2mass-atlas-001124n-j0890244.fits
   159 RA---TAN DEC--TAN    514   1026  83.818660  -5.389680    -989.50   -1145.50 -0.00027800  0.00027800  0.00000    2000 c2mass-atlas-001124n-j0840056.fits
   160 RA---TAN DEC--TAN    514   1026  83.818660  -5.389680   -1855.50   -1455.50 -0.00027800  0.00027800  0.00000    2000 c2mass-atlas-981017s-j1140221.fits
   161 RA---TAN DEC--TAN    514   1026  83.818660  -5.389680   -2714.50   -1451.50 -0.00027800  0.00027800  0.00000    2000 c2mass-atlas-981017s-j1120221.fits
   162 RA---TAN DEC--TAN    514   1026  83.818660  -5.389680   -2285.50   -2623.50 -0.00027800  0.00027800  0.00000    2000 c2mass-atlas-981017s-j1130068.fits
   163 RA---TAN DEC--TAN    514   1026  83.818660  -5.389680   -1856.50   -2424.50 -0.00027800  0.00027800  0.00000    2000 c2mass-atlas-981017s-j1140209.fits
   164 RA---TAN DEC--TAN    514   1026  83.818660  -5.389680   -2715.50   -2421.50 -0.00027800  0.00027800  0.00000    2000 c2mass-atlas-981017s-j1120209.fits
   165 RA---TAN DEC--TAN    514   1025  83.818660  -5.389680   -1425.50   -1655.50 -0.00027800  0.00027800  0.00000    2000 c2mass-atlas-981017s-j1150056.fits
   166 RA---TAN DEC--TAN    514   1025  83.818660  -5.389680   -2284.50   -1654.50 -0.00027800  0.00027800  0.00000    2000 c2mass-atlas-981017s-j1130056.fits
   167 RA---TAN DEC--TAN    514   1025  83.818660  -5.389680   -2281.50    1253.50 -0.00027800  0.00027800  0.00000    2000 c2mass-atlas-981017s-j1130021.fits
   168 RA---TAN DEC--TAN    514   1025  83.818660  -5.389680   -2282.50     284.50 -0.00027800  0.00027800  0.00000    2000 c2mass-atlas-981017s-j1130033.fits
   169 RA---TAN DEC--TAN    515   1025  83.818660  -5.389680   -2711.50     486.50 -0.00027800  0.00027800  0.00000    2000 c2mass-atlas-981017s-j1120245.fits
   170 RA---TAN DEC--TAN    515   1026  83.818660  -5.389680   -2712.50    -482.50 -0.00027800  0.00027800  0.00000    2000 c2mass-atlas-981017s-j1120233.fits
   171 RA---TAN DEC--TAN    514   1026  83.818660  -5.389680   -2710.50    1456.50 -0.00027800  0.00027800  0.00000    2000 c2mass-atlas-981017s-j1120256.fits
   172 RA---TAN DEC--TAN    514   1026  83.818660  -5.389680   -1853.50     483.50 -0.00027800  0.00027800  0.00000    2000 c2mass-atlas-981017s-j1140245.fits
   173 RA---TAN DEC--TAN    514   1025  83.818660  -5.389680   -1423.50    1252.50 -0.00027800  0.00027800  0.00000    2000 c2mass-atlas-981017s-j1150021.fits
   174 RA---TAN DEC--TAN    514   1026  83.818660  -5.389680   -1852.50    1452.50 -0.00027800  0.00027800  0.00000    2000 c2mass-atlas-981017s-j1140256.fits
   175 RA---TAN DEC--TAN    514   1025  83.818660  -5.389680    -988.50    -176.50 -0.00027800  0.00027800  0.00000    2000 c2mass-atlas-001124n-j0840044.fits
   176 RA---TAN DEC--TAN    513   1025  83.818660  -5.389680    -557.50      21.50 -0.00027800  0.00027800  0.00000    2000 c2mass-atlas-001124n-j0850232.fits
   177 RA---TAN DEC--TAN    514   1026  83.818660  -5.389680   -2283.50    -684.50 -0.00027800  0.00027800  0.00000    2000 c2mass-atlas-981017s-j1130044.fits
   178 RA---TAN DEC--TAN    514   1025  83.818660  -5.389680    -556.50     990.50 -0.00027800  0.00027800  0.00000    2000 c2mass-atlas-001124n-j0850244.fits
   179 RA---TAN DEC--TAN    514   1026  83.818660  -5.389680    -557.50    -947.50 -0.00027800  0.00027800  0.00000    2000 c2mass-atlas-001124n-j0850220.fits
   180 RA---TAN DEC--TAN    514   1026  83.818660  -5.389680   -1424.50    -685.50 -0.00027800  0.00027800  0.00000    2000 c2mass-atlas-981017s-j1150044.fits
   181 RA---TAN DEC--TAN    514   1025  83.818660  -5.389680   -1424.50     283.50 -0.00027800  0.00027800  0.00000    2000 c2mass-atlas-981017s-j1150033.fits
   182 RA---TAN DEC--TAN    514   1025  83.818660  -5.389680   -1854.50    -486.50 -0.00027800  0.00027800  0.00000    2000 c2mass-atlas-981017s-j1140233.fits
   183 RA---TAN DEC--TAN    513   1025  83.818660  -5.389680    -988.50     792.50 -0.00027800  0.00027800  0.00000    2000 c2mass-atlas-001124n-j0840032.fits
   184 RA---TAN DEC--TAN    235   1026  83.818660  -5.389680   -4862.50   -3588.50 -0.00027800  0.00027800  0.00000    2000 c2mass-atlas-981017s-j1010080.fits
   185 RA---TAN DEC--TAN    515    738  83.818660  -5.389680   -4435.50   -4359.50 -0.00027800  0.00027800  0.00000    2000 c2mass-atlas-981017s-j1020186.fits
   186 RA---TAN DEC--TAN    514    545  83.818660  -5.389680   -4004.50   -4552.50 -0.00027800  0.00027800  0.00000    2000 c2mass-atlas-981017s-j1090092.fits
   187 RA---TAN DEC--TAN    233    539  83.818660  -5.389680   -4864.50   -4558.50 -0.00027800  0.00027800  0.00000    2000 c2mass-atlas-981017s-j1010092.fits
   188 RA---TAN DEC--TAN    515   1026  83.818660  -5.389680   -3993.50    1264.50 -0.00027800  0.00027800  0.00000    2000 c2mass-atlas-981017s-j1090021.fits
   189 RA---TAN DEC--TAN    515   1026  83.818660  -5.389680   -4423.50    1458.50 -0.00027800  0.00027800  0.00000    2000 c2mass-atlas-981017s-j1020256.fits
   190 RA---TAN DEC--TAN    515   1027  83.818660  -5.389680   -4425.50     489.50 -0.00027800  0.00027800  0.00000    2000 c2mass-atlas-981017s-j1020245.fits
   191 RA---TAN DEC--TAN    246   1026  83.818660  -5.389680   -4851.50    1259.50 -0.00027800  0.00027800  0.00000    2000 c2mass-atlas-981017s-j1010021.fits
   192 RA---TAN DEC--TAN    515   1026  83.818660  -5.389680   -3565.50    1458.50 -0.00027800  0.00027800  0.00000    2000 c2mass-atlas-981017s-j1100256.fits
   193 RA---TAN DEC--TAN    244   1026  83.818660  -5.389680   -4853.50     289.50 -0.00027800  0.00027800  0.00000    2000 c2mass-atlas-981017s-j1010033.fits
   194 RA---TAN DEC--TAN    515   1026  83.818660  -5.389680   -3997.50    -674.50 -0.00027800  0.00027800  0.00000    2000 c2mass-atlas-981017s-j1090044.fits
   195 RA---TAN DEC--TAN    515   1026  83.818660  -5.389680   -3138.50     288.50 -0.00027800  0.00027800  0.00000    2000 c2mass-atlas-981017s-j1110033.fits
   196 RA---TAN DEC--TAN    515   1026  83.818660  -5.389680   -3567.50     489.50 -0.00027800  0.00027800  0.00000    2000 c2mass-atlas-981017s-j1100245.fits
   197 RA---TAN DEC--TAN    515   1026  83.818660  -5.389680   -3139.50    -680.50 -0.00027800  0.00027800  0.00000    2000 c2mass-atlas-981017s-j1110044.fits
   198 RA---TAN DEC--TAN    241   1026  83.818660  -5.389680   -4856.50    -679.50 -0.00027800  0.00027800  0.00000    2000 c2mass-atlas-981017s-j1010044.fits
   199 RA---TAN DEC--TAN    514   1026  83.818660  -5.389680   -3569.50    -479.50 -0.00027800  0.00027800  0.00000    2000 c2mass-atlas-981017s-j1100233.fits
   200 RA---TAN DEC--TAN    515   1026  83.818660  -5.389680   -4427.50    -480.50 -0.00027800  0.00027800  0.00000    2000 c2mass-atlas-981017s-j1020233.fits
   201 RA---TAN DEC--TAN    514   1026  83.818660  -5.389680   -3137.50    1258.50 -0.00027800  0.00027800  0.00000    2000 c2mass-atlas-981017s-j1110021.fits
   202 RA---TAN DEC--TAN    515   1027  83.818660  -5.389680   -3995.50     295.50 -0.00027800  0.00027800  0.00000    2000 c2mass-atlas-981017s-j1090033.fits
   203 RA---TAN DEC--TAN    515   1026  83.818660  -5.389680   -3144.50   -3589.50 -0.00027800  0.00027800  0.00000    2000 c2mass-atlas-981017s-j1110080.fits
   204 RA---TAN DEC--TAN    515   1026  83.818660  -5.389680   -3142.50   -2619.50 -0.00027800  0.00027800  0.00000    2000 c2mass-atlas-981017s-j1110068.fits
   205 RA---TAN DEC--TAN    515   1026  83.818660  -5.389680   -4000.50   -2613.50 -0.00027800  0.00027800  0.00000    2000 c2mass-atlas-981017s-j1090068.fits
   206 RA---TAN DEC--TAN    515   1026  83.818660  -5.389680   -3572.50   -2418.50 -0.00027800  0.00027800  0.00000    2000 c2mass-atlas-981017s-j1100209.fits
   207 RA---TAN DEC--TAN    515   1026  83.818660  -5.389680   -4002.50   -3583.50 -0.00027800  0.00027800  0.00000    2000 c2mass-atlas-981017s-j1090080.fits
   208 RA---TAN DEC--TAN    515   1026  83.818660  -5.389680   -4433.50   -3389.50 -0.00027800  0.00027800  0.00000    2000 c2mass-atlas-981017s-j1020198.fits
   209 RA---TAN DEC--TAN    515   1026  83.818660  -5.389680   -3141.50   -1650.50 -0.00027800  0.00027800  0.00000    2000 c2mass-atlas-981017s-j1110056.fits
   210 RA---TAN DEC--TAN    515   1026  83.818660  -5.389680   -3573.50   -3388.50 -0.00027800  0.00027800  0.00000    2000 c2mass-atlas-981017s-j1100198.fits
   211 RA---TAN DEC--TAN    237   1026  83.818660  -5.389680   -4860.50   -2619.50 -0.00027800  0.00027800  0.00000    2000 c2mass-atlas-981017s-j1010068.fits
   212 RA---TAN DEC--TAN    239   1026  83.818660  -5.389680   -4858.50   -1649.50 -0.00027800  0.00027800  0.00000    2000 c2mass-atlas-981017s-j1010056.fits
   213 RA---TAN DEC--TAN    515   1027  83.818660  -5.389680   -4429.50   -1449.50 -0.00027800  0.00027800  0.00000    2000 c2mass-atlas-981017s-j1020221.fits
   214 RA---TAN DEC--TAN    515   1026  83.818660  -5.389680   -4431.50   -2419.50 -0.00027800  0.00027800  0.00000    2000 c2mass-atlas-981017s-j1020209.fits
   215 RA---TAN DEC--TAN    515   1026  83.818660  -5.389680   -3570.50   -1449.50 -0.00027800  0.00027800  0.00000    2000 c2mass-atlas-981017s-j1100221.fits
   216 RA---TAN DEC--TAN    515   1027  83.818660  -5.389680   -3998.50   -1643.50 -0.00027800  0.00027800  0.00000    2000 c2mass-atlas-981017s-j1090056.fits
   217 RA---TAN DEC--TAN    514   1026  83.818660  -5.389680    1503.50    3189.50 -0.00027800  0.00027800  0.00000    2000 c2mass-atlas-001126n-j1040009.fits
   218 RA---TAN DEC--TAN    514   1026  83.818660  -5.389680    1939.50    2692.50 -0.00027800  0.00027800  0.00000    2000 c2mass-atlas-980322s-j0140009.fits
   219 RA---TAN DEC--TAN    513    835  83.818660  -5.389680    1157.50    2739.50 -0.00027800  0.00027800  0.00000    2000 c2mass-atlas-001124n-j0890266.fits
   220 RA---TAN DEC--TAN    513   1025  83.818660  -5.389680     726.50    1759.50 -0.00027800  0.00027800  0.00000    2000 c2mass-atlas-001124n-j0880021.fits
   221 RA---TAN DEC--TAN    513   1025  83.818660  -5.389680     298.50    1958.50 -0.00027800  0.00027800  0.00000    2000 c2mass-atlas-001124n-j0870256.fits
   222 RA---TAN DEC--TAN    513   1025  83.818660  -5.389680    -130.50    1760.50 -0.00027800  0.00027800  0.00000    2000 c2mass-atlas-001124n-j0860021.fits
   223 RA---TAN DEC--TAN    514    826  83.818660  -5.389680    2006.50    2217.50 -0.00027800  0.00027800  0.00000    2000 c2mass-atlas-000206s-j0140267.fits
   224 RA---TAN DEC--TAN    513   1025  83.818660  -5.389680     726.50    2729.50 -0.00027800  0.00027800  0.00000    2000 c2mass-atlas-001124n-j0880009.fits
   225 RA---TAN DEC--TAN    513   1025  83.818660  -5.389680    1588.50    2734.50 -0.00027800  0.00027800  0.00000    2000 c2mass-atlas-001124n-j0900009.fits
   226 RA---TAN DEC--TAN    513   1025  83.818660  -5.389680    1157.50    1959.50 -0.00027800  0.00027800  0.00000    2000 c2mass-atlas-001124n-j0890256.fits
   227 RA---TAN DEC--TAN    513    831  83.818660  -5.389680    1066.50    2988.50 -0.00027800  0.00027800  0.00000    2000 c2mass-atlas-001126n-j1030266.fits
   228 RA---TAN DEC--TAN    513   1025  83.818660  -5.389680    1588.50    1765.50 -0.00027800  0.00027800  0.00000    2000 c2mass-atlas-001124n-j0900021.fits
   229 RA---TAN DEC--TAN    515   1025  83.818660  -5.389680    1939.50    3661.50 -0.00027800  0.00027800  0.00000    2000 c2mass-atlas-980322s-j0140021.fits
   230 RA---TAN DEC--TAN    514   1025  83.818660  -5.389680   -1540.50    2674.50 -0.00027800  0.00027800  0.00000    2000 c2mass-atlas-991019s-j0900009.fits
   231 RA---TAN DEC--TAN    514   1025  83.818660  -5.389680    -987.50    1761.50 -0.00027800  0.00027800  0.00000    2000 c2mass-atlas-001124n-j0840021.fits
   232 RA---TAN DEC--TAN    514    829  83.818660  -5.389680   -1851.50    2225.50 -0.00027800  0.00027800  0.00000    2000 c2mass-atlas-981017s-j1140267.fits
   233 RA---TAN DEC--TAN    513   1026  83.818660  -5.389680   -1423.50    2222.50 -0.00027800  0.00027800  0.00000    2000 c2mass-atlas-981017s-j1150009.fits
   234 RA---TAN DEC--TAN    514   1025  83.818660  -5.389680    -674.50    3958.50 -0.00027800  0.00027800  0.00000    2000 c2mass-atlas-001126n-j0990255.fits
   235 RA---TAN DEC--TAN    514    830  83.818660  -5.389680   -1975.50    2476.50 -0.00027800  0.00027800  0.00000    2000 c2mass-atlas-991019s-j0890267.fits
   236 RA---TAN DEC--TAN    514   1026  83.818660  -5.389680   -1097.50    3189.50 -0.00027800  0.00027800  0.00000    2000 c2mass-atlas-001124n-j0910009.fits
   237 RA---TAN DEC--TAN    514   1026  83.818660  -5.389680   -2280.50    2223.50 -0.00027800  0.00027800  0.00000    2000 c2mass-atlas-981017s-j1130009.fits
   238 RA---TAN DEC--TAN    514   1025  83.818660  -5.389680    -556.50    1959.50 -0.00027800  0.00027800  0.00000    2000 c2mass-atlas-001124n-j0850256.fits
   239 RA---TAN DEC--TAN    514    833  83.818660  -5.389680    -675.50    2989.50 -0.00027800  0.00027800  0.00000    2000 c2mass-atlas-001126n-j0990266.fits
   240 RA---TAN DEC--TAN    514   1026  83.818660  -5.389680    -986.50    2731.50 -0.00027800  0.00027800  0.00000    2000 c2mass-atlas-001124n-j0840009.fits
   241 RA---TAN DEC--TAN    513    997  83.818660  -5.389680     630.50    5097.50 -0.00027800  0.00027800  0.00000    2000 c2mass-atlas-001126n-j1020033.fits
   242 RA---TAN DEC--TAN    513   1025  83.818660  -5.389680     630.50    4155.50 -0.00027800  0.00027800  0.00000    2000 c2mass-atlas-001126n-j1020021.fits
   243 RA---TAN DEC--TAN    513   1025  83.818660  -5.389680    1066.50    4927.50 -0.00027800  0.00027800  0.00000    2000 c2mass-atlas-001126n-j1030244.fits
   244 RA---TAN DEC--TAN    513   1025  83.818660  -5.389680    -241.50    4157.50 -0.00027800  0.00027800  0.00000    2000 c2mass-atlas-001126n-j1000021.fits
   245 RA---TAN DEC--TAN    513     25  83.818660  -5.389680    1502.50    5097.50 -0.00027800  0.00027800  0.00000    2000 c2mass-atlas-001126n-j1040044.fits
   246 RA---TAN DEC--TAN    513   1025  83.818660  -5.389680    1502.50    4158.50 -0.00027800  0.00027800  0.00000    2000 c2mass-atlas-001126n-j1040021.fits
   247 RA---TAN DEC--TAN    513    995  83.818660  -5.389680    1502.50    5097.50 -0.00027800  0.00027800  0.00000    2000 c2mass-atlas-001126n-j1040033.fits
   248 RA---TAN DEC--TAN    514   1026  83.818660  -5.389680    1938.50    4631.50 -0.00027800  0.00027800  0.00000    2000 c2mass-atlas-980322s-j0140033.fits
   249 RA---TAN DEC--TAN    513   1025  83.818660  -5.389680     630.50    3186.50 -0.00027800  0.00027800  0.00000    2000 c2mass-atlas-001126n-j1020009.fits
   250 RA---TAN DEC--TAN    513    832  83.818660  -5.389680    -556.50    2735.50 -0.00027800  0.00027800  0.00000    2000 c2mass-atlas-001124n-j0850266.fits
   251 RA---TAN DEC--TAN    513   1026  83.818660  -5.389680    1066.50    3958.50 -0.00027800  0.00027800  0.00000    2000 c2mass-atlas-001126n-j1030256.fits
   252 RA---TAN DEC--TAN    513    831  83.818660  -5.389680     195.50    2986.50 -0.00027800  0.00027800  0.00000    2000 c2mass-atlas-001126n-j1010266.fits
   253 RA---TAN DEC--TAN    513   1026  83.818660  -5.389680     195.50    3956.50 -0.00027800  0.00027800  0.00000    2000 c2mass-atlas-001126n-j1010256.fits
   254 RA---TAN DEC--TAN    513   1025  83.818660  -5.389680    -241.50    3187.50 -0.00027800  0.00027800  0.00000    2000 c2mass-atlas-001126n-j1000009.fits
   255 RA---TAN DEC--TAN    514    831  83.818660  -5.389680     299.50    2734.50 -0.00027800  0.00027800  0.00000    2000 c2mass-atlas-001124n-j0870266.fits
   256 RA---TAN DEC--TAN    514   1025  83.818660  -5.389680    -129.50    2730.50 -0.00027800  0.00027800  0.00000    2000 c2mass-atlas-001124n-j0860009.fits
   257 RA---TAN DEC--TAN    514    533  83.818660  -5.389680   -3719.50    5097.50 -0.00027800  0.00027800  0.00000    2000 c2mass-atlas-981109s-j1170044.fits
   258 RA---TAN DEC--TAN    515    730  83.818660  -5.389680   -4153.50    5097.50 -0.00027800  0.00027800  0.00000    2000 c2mass-atlas-981109s-j1160233.fits
   259 RA---TAN DEC--TAN    515   1026  83.818660  -5.389680   -4155.50    4424.50 -0.00027800  0.00027800  0.00000    2000 c2mass-atlas-981109s-j1160245.fits
   260 RA---TAN DEC--TAN    515   1026  83.818660  -5.389680   -3720.50    4621.50 -0.00027800  0.00027800  0.00000    2000 c2mass-atlas-981109s-j1170033.fits
   261 RA---TAN DEC--TAN     73   1026  83.818660  -5.389680   -5024.50    4426.50 -0.00027800  0.00027800  0.00000    2000 c2mass-atlas-981109s-j1140245.fits
   262 RA---TAN DEC--TAN    514    733  83.818660  -5.389680   -3283.50    5097.50 -0.00027800  0.00027800  0.00000    2000 c2mass-atlas-981109s-j1180233.fits
   263 RA---TAN DEC--TAN    508   1027  83.818660  -5.389680   -4589.50    4625.50 -0.00027800  0.00027800  0.00000    2000 c2mass-atlas-981109s-j1150033.fits
   264 RA---TAN DEC--TAN    515   1026  83.818660  -5.389680   -3284.50    4420.50 -0.00027800  0.00027800  0.00000    2000 c2mass-atlas-981109s-j1180245.fits
   265 RA---TAN DEC--TAN    514    830  83.818660  -5.389680   -3287.50    2481.50 -0.00027800  0.00027800  0.00000    2000 c2mass-atlas-981109s-j1180267.fits
   266 RA---TAN DEC--TAN    515   1026  83.818660  -5.389680   -3723.50    2682.50 -0.00027800  0.00027800  0.00000    2000 c2mass-atlas-981109s-j1170009.fits
   267 RA---TAN DEC--TAN    515    830  83.818660  -5.389680   -3564.50    2232.50 -0.00027800  0.00027800  0.00000    2000 c2mass-atlas-981017s-j1100267.fits
   268 RA---TAN DEC--TAN    515    832  83.818660  -5.389680   -4421.50    2233.50 -0.00027800  0.00027800  0.00000    2000 c2mass-atlas-981017s-j1020267.fits
   269 RA---TAN DEC--TAN    248   1026  83.818660  -5.389680   -4849.50    2228.50 -0.00027800  0.00027800  0.00000    2000 c2mass-atlas-981017s-j1010009.fits
   270 RA---TAN DEC--TAN    503   1027  83.818660  -5.389680   -4594.50    2685.50 -0.00027800  0.00027800  0.00000    2000 c2mass-atlas-981109s-j1150009.fits
   271 RA---TAN DEC--TAN    515    831  83.818660  -5.389680   -4158.50    2485.50 -0.00027800  0.00027800  0.00000    2000 c2mass-atlas-981109s-j1160267.fits
   272 RA---TAN DEC--TAN    515   1027  83.818660  -5.389680   -3991.50    2234.50 -0.00027800  0.00027800  0.00000    2000 c2mass-atlas-981017s-j1090009.fits
   273 RA---TAN DEC--TAN    515   1027  83.818660  -5.389680   -3285.50    3451.50 -0.00027800  0.00027800  0.00000    2000 c2mass-atlas-981109s-j1180257.fits
   274 RA---TAN DEC--TAN     71   1026  83.818660  -5.389680   -5026.50    3456.50 -0.00027800  0.00027800  0.00000    2000 c2mass-atlas-981109s-j1140257.fits
   275 RA---TAN DEC--TAN    515   1026  83.818660  -5.389680   -3722.50    3651.50 -0.00027800  0.00027800  0.00000    2000 c2mass-atlas-981109s-j1170021.fits
   276 RA---TAN DEC--TAN    506   1027  83.818660  -5.389680   -4591.50    3655.50 -0.00027800  0.00027800  0.00000    2000 c2mass-atlas-981109s-j1150021.fits
   277 RA---TAN DEC--TAN     68    828  83.818660  -5.389680   -5029.50    2486.50 -0.00027800  0.00027800  0.00000    2000 c2mass-atlas-981109s-j1140267.fits
   278 RA---TAN DEC--TAN    515   1027  83.818660  -5.389680   -4157.50    3455.50 -0.00027800  0.00027800  0.00000    2000 c2mass-atlas-981109s-j1160257.fits
   279 RA---TAN DEC--TAN    514   1027  83.818660  -5.389680   -2849.50    4619.50 -0.00027800  0.00027800  0.00000    2000 c2mass-atlas-981109s-j1190033.fits
   280 RA---TAN DEC--TAN    514    535  83.818660  -5.389680   -2403.50    5097.50 -0.00027800  0.00027800  0.00000    2000 c2mass-atlas-991010s-j0550044.fits
   281 RA---TAN DEC--TAN    514    535  83.818660  -5.389680   -2848.50    5097.50 -0.00027800  0.00027800  0.00000    2000 c2mass-atlas-981109s-j1190044.fits
   282 RA---TAN DEC--TAN    514    996  83.818660  -5.389680    -240.50    5097.50 -0.00027800  0.00027800  0.00000    2000 c2mass-atlas-001126n-j1000033.fits
   283 RA---TAN DEC--TAN    513   1025  83.818660  -5.389680     195.50    4925.50 -0.00027800  0.00027800  0.00000    2000 c2mass-atlas-001126n-j1010244.fits
   284 RA---TAN DEC--TAN    513    228  83.818660  -5.389680     195.50    5097.50 -0.00027800  0.00027800  0.00000    2000 c2mass-atlas-001126n-j1010232.fits
   285 RA---TAN DEC--TAN    513     26  83.818660  -5.389680    -240.50    5097.50 -0.00027800  0.00027800  0.00000    2000 c2mass-atlas-001126n-j1000044.fits
   286 RA---TAN DEC--TAN    513    226  83.818660  -5.389680    1066.50    5097.50 -0.00027800  0.00027800  0.00000    2000 c2mass-atlas-001126n-j1030232.fits
   287 RA---TAN DEC--TAN    513     28  83.818660  -5.389680     630.50    5097.50 -0.00027800  0.00027800  0.00000    2000 c2mass-atlas-001126n-j1020044.fits
   288 RA---TAN DEC--TAN    514   1026  83.818660  -5.389680   -1974.50    3446.50 -0.00027800  0.00027800  0.00000    2000 c2mass-atlas-991019s-j0890257.fits
   289 RA---TAN DEC--TAN    514   1026  83.818660  -5.389680   -2406.50    2680.50 -0.00027800  0.00027800  0.00000    2000 c2mass-atlas-991010s-j0550009.fits
   290 RA---TAN DEC--TAN    515   1026  83.818660  -5.389680   -3135.50    2227.50 -0.00027800  0.00027800  0.00000    2000 c2mass-atlas-981017s-j1110009.fits
   291 RA---TAN DEC--TAN    514    829  83.818660  -5.389680   -2709.50    2228.50 -0.00027800  0.00027800  0.00000    2000 c2mass-atlas-981017s-j1120267.fits
   292 RA---TAN DEC--TAN    515   1026  83.818660  -5.389680   -2404.50    3649.50 -0.00027800  0.00027800  0.00000    2000 c2mass-atlas-991010s-j0550021.fits
   293 RA---TAN DEC--TAN    515   1026  83.818660  -5.389680   -2850.50    3649.50 -0.00027800  0.00027800  0.00000    2000 c2mass-atlas-981109s-j1190021.fits
   294 RA---TAN DEC--TAN    513   1026  83.818660  -5.389680   -1540.50    3644.50 -0.00027800  0.00027800  0.00000    2000 c2mass-atlas-991019s-j0900021.fits
   295 RA---TAN DEC--TAN    515   1026  83.818660  -5.389680   -2851.50    2679.50 -0.00027800  0.00027800  0.00000    2000 c2mass-atlas-981109s-j1190009.fits
   296 RA---TAN DEC--TAN    514   1026  83.818660  -5.389680    -674.50    4928.50 -0.00027800  0.00027800  0.00000    2000 c2mass-atlas-001126n-j0990244.fits
   297 RA---TAN DEC--TAN    515   1026  83.818660  -5.389680   -2403.50    4619.50 -0.00027800  0.00027800  0.00000    2000 c2mass-atlas-991010s-j0550033.fits
   298 RA---TAN DEC--TAN    514   1026  83.818660  -5.389680   -1539.50    4614.50 -0.00027800  0.00027800  0.00000    2000 c2mass-atlas-991019s-j0900033.fits
   299 RA---TAN DEC--TAN    513    225  83.818660  -5.389680    -674.50    5097.50 -0.00027800  0.00027800  0.00000    2000 c2mass-atlas-001126n-j0990232.fits
   300 RA---TAN DEC--TAN    514    995  83.818660  -5.389680   -1096.50    5097.50 -0.00027800  0.00027800  0.00000    2000 c2mass-atlas-001124n-j0910033.fits
   301 RA---TAN DEC--TAN    513     25  83.818660  -5.389680   -1096.50    5097.50 -0.00027800  0.00027800  0.00000    2000 c2mass-atlas-001124n-j0910044.fits
   302 RA---TAN DEC--TAN    514   1025  83.818660  -5.389680   -1096.50    4158.50 -0.00027800  0.00027800  0.00000    2000 c2mass-atlas-001124n-j0910021.fits
   303 RA---TAN DEC--TAN    514    738  83.818660  -5.389680   -1972.50    5097.50 -0.00027800  0.00027800  0.00000    2000 c2mass-atlas-991019s-j0890233.fits
   304 RA---TAN DEC--TAN    515   1026  83.818660  -5.389680   -1972.50    4415.50 -0.00027800  0.00027800  0.00000    2000 c2mass-atlas-991019s-j0890245.fits
   305 RA---TAN DEC--TAN    513    540  83.818660  -5.389680   -1539.50    5097.50 -0.00027800  0.00027800  0.00000    2000 c2mass-atlas-991019s-j0900044.fits
   306 RA---TAN DEC--TAN    509    530  83.818660  -5.389680   -4588.50    5097.50 -0.00027800  0.00027800  0.00000    2000 c2mass-atlas-981109s-j1150044.fits
   307 RA---TAN DEC--TAN     74    727  83.818660  -5.389680   -5023.50    5097.50 -0.00027800  0.00027800  0.00000    2000 c2mass-atlas-981109s-j1140233.fits
